duration: 83.18314456939697 s
T: 0.005 s
frequency: 1.442599947635881 Hz
step: 0.012890625